Region                           Te([NII])5755/6584 error Te([NII])5755/6584+ error Te([NII])5755/6584- Te([OIII])4363/5007 error Te([OIII])4363/5007+ error Te([OIII])4363/5007- adopted ne error adopted ne+ error adopted ne- n(O+)3727+3729 error n(O+)3727+3729+ error n(O+)3727+3729- n(O++)5007 error n(O++)5007+ error n(O++)5007- 9123.60 [ClII] e9123.60 [ClII] 5517.71 [ClIII] e5517.71 [ClIII] 5537.88 [ClIII] e5537.88 [ClIII] 8045.62 [ClIV] e8045.62 [ClIV] 3726.03 [OII] e3726.03 [OII] 3728.82 [OII] e3728.82 [OII] 4958.91 [OIII] e4958.91 [OIII] 5006.84 [OIII] e5006.84 [OIII] 
extraHII_K160_esteban_20         8006.06            344.08                    310.61                    7954.16             583.87                     618.07                     100.00     100.00            100.00            8.39           0.11                  0.07                  7.96       0.13              0.14              nan            nan             0.462           15               0.396           15               nan            nan             101.000       3              140.100       3              35.150         2               105.200        2               
extraHII_N88A_Gisela             13021.44           341.83                    285.36                    13885.85            301.38                     220.49                     3090.74    1065.29           1065.29           6.88           0.06                  0.05                  7.99       0.03              0.03              nan            nan             0.276           2                0.320           2                0.155          6               23.700        4              15.230        4              250.900        1               758.000        1               
phoHH_HH204_mendezdelgado_21b    8782.53            154.31                    101.34                    12384.48            141.11                     200.40                     13540.00   1210.00           1210.00           8.61           0.04                  0.04                  6.34       0.02              0.02              0.212          4               0.194           4                0.393           3                nan            nan             143.704       2              61.081        2              4.150          2               12.469         2               
extraHII_NGC5461_esteban_09      9004.98            477.33                    316.84                    8462.72             192.87                     193.60                     256.98     103.07            89.61             7.80           0.16                  0.11                  8.29       0.04              0.04              nan            nan             0.440           9                0.310           10               nan            nan             48.000        4              55.000        4              103.000        3               302.000        3               
GalHII_NGC3603_garciarojas_06    11225.89           448.28                    576.40                    9024.15             161.83                     147.30                     2889.17    794.23            794.23            7.31           0.12                  0.08                  8.43       0.02              0.04              0.010          11              0.512           9                0.655           8                0.080          7               40.360        5              24.990        5              180.464        3               533.117        3               
extraHII_NGC588_Toribio_16       10674.18           1009.93                   899.39                    10842.13            422.91                     523.30                     114.36     103.04            75.12             7.48           0.20                  0.13                  8.09       0.08              0.07              nan            nan             0.480           12               0.340           12               nan            nan             40.000        10             62.000        11             184.000        7               469.000        7               
extraHII_BA371_esteban_20        9777.26            588.11                    492.51                    8940.91             301.80                     251.99                     100.00     100.00            100.00            7.80           0.12                  0.11                  8.27       0.06              0.06              nan            nan             0.410           12               0.377           15               nan            nan             65.700        3              82.000        3              114.100        2               347.100        2               
extraHII_BA379_esteban_20        9349.56            194.09                    214.23                    8557.14             294.07                     294.09                     100.00     100.00            100.00            7.96           0.05                  0.05                  8.19       0.06              0.04              nan            nan             0.418           6                0.278           10               nan            nan             73.400        2              109.200       2              82.900         2               252.500        2               
extraHII_IC131_Toribio_16        9097.12            1233.54                   1344.73                   8888.18             291.80                     384.79                     179.35     226.34            126.55            7.99           0.65                  0.22                  8.23       0.08              0.07              nan            nan             0.390           28               0.300           37               nan            nan             70.000        16             100.000       16             108.000        7               318.000        8               
GalHII_M20_garciarojas_06        8238.96            131.04                    119.11                    7670.96             367.97                     254.05                     257.19     65.45             63.54             8.47           0.03                  0.04                  7.75       0.09              0.08              0.100          8               0.422           5                0.313           6                nan            nan             146.604       3              173.307       3              19.006         3               58.931         3               
GalHII_Sh254_arellanocordova_21  7458.34            223.99                    253.33                    8498.83             898.87                     1066.34                    190.87     52.26             45.40             8.33           0.09                  0.07                  7.69       0.26              0.14              nan            nan             0.390           13               0.280           14               nan            nan             140.100       6              nan           nan            25.600         2               79.100         2               
extraHII_NGC595_esteban_09       8210.37            180.31                    169.45                    7404.55             329.95                     253.80                     100.00     100.00            100.00            8.29           0.06                  0.04                  8.04       0.06              0.08              nan            nan             0.420           5                0.330           6                nan            nan             85.000        1              120.000       2              28.700         1               92.000         1               
GalHII_M42-bar                   8965.87            149.46                    123.86                    8467.48             96.48                      72.59                      3874.18    467.48            467.48            8.40           0.04                  0.04                  8.04       0.02              0.02              0.053          9               0.449           4                0.566           4                nan            nan             165.434       2              88.146        2              57.850         2               172.688        2               
extraHII_N44C_Gisela             10554.23           367.80                    326.92                    11296.02            122.85                     165.65                     145.58     72.28             67.88             7.30           0.07                  0.06                  8.22       0.02              0.01              0.014          7               0.331           4                0.255           4                0.451          4               30.200        5              38.400        5              235.200        1               709.500        1               
GalHII_M42-2_mendezdelgado_22b   9792.13            176.00                    165.87                    8502.09             55.91                      69.07                      6545.19    1004.30           1004.30           7.74           0.05                  0.03                  8.36       0.02              0.02              0.021          8               0.308           3                0.491           3                0.059          6               47.433        2              23.358        2              119.730        2               363.382        2               
extraHII_N11B_Gisela             9745.44            166.54                    126.20                    9168.42             96.06                      111.91                     266.81     79.33             71.38             7.99           0.04                  0.04                  8.17       0.02              0.02              0.027          5               0.408           2                0.302           2                nan            nan             106.100       5              126.000       5              102.900        1               309.600        1               
extraHII_K932_esteban_09         9236.10            209.05                    161.55                    8296.30             152.30                     157.34                     184.39     36.03             36.66             7.88           0.05                  0.04                  8.30       0.04              0.03              nan            nan             0.400           5                0.320           6                nan            nan             65.000        2              78.000        1              93.000         1               283.000        1               
GalHII_Sh2100_esteban_17         8493.00            334.40                    313.39                    8299.15             149.45                     166.38                     425.60     181.24            179.92            7.76           0.09                  0.08                  8.38       0.04              0.03              nan            nan             0.523           5                0.422           6                nan            nan             68.000        6              nan           nan            126.900        2               341.900        2               
GalHII_M42-3_mendezdelgado_21a   10022.42           213.42                    255.79                    8503.02             84.26                      78.40                      6168.21    1255.67           1255.67           7.78           0.07                  0.07                  8.36       0.02              0.02              0.026          8               0.335           4                0.527           3                0.021          8               56.279        2              28.302        2              120.849        2               360.361        2               
extraHII_IC132_Toribio_16        11432.62           867.43                    1292.21                   10107.48            510.39                     524.09                     192.51     164.88            120.55            7.09           0.29                  0.13                  8.26       0.12              0.06              nan            nan             0.480           10               0.340           12               nan            nan             26.000        12             35.000        11             189.000        7               548.000        7               
phoHH_HH529III_mendezdelgado_21a 10861.26           526.55                    643.19                    8608.71             95.33                      79.60                      30200.00   8080.00           8080.00           7.56           0.12                  0.12                  8.48       0.02              0.02              nan            nan             0.273           8                0.571           6                0.027          23              18.109        2              7.537         3              165.209        2               491.733        2               
extraHII_H1216_esteban_20        10734.59           360.37                    288.94                    10532.68            161.84                     166.07                     100.00     100.00            100.00            7.61           0.06                  0.05                  8.08       0.02              0.02              nan            nan             0.418           6                0.283           10               nan            nan             61.600        3              91.600        3              134.900        2               406.400        2               
extraHII_N66A_Gisela             12123.25           292.00                    415.73                    12559.69            156.00                     186.43                     178.18     98.38             70.63             7.48           0.07                  0.06                  7.84       0.02              0.02              0.012          11              0.340           4                0.256           3                0.042          7               77.800        5              99.400        5              134.600        1               403.400        1               
extraHII_NGC1714_Gisela          10222.51           596.17                    427.49                    9519.84             191.73                     192.92                     405.66     169.63            139.17            7.63           0.16                  0.08                  8.26       0.04              0.03              nan            nan             0.419           7                0.315           8                0.028          28              63.100        6              67.000        6              152.300        4               447.000        4               
extraHII_NGC5471_esteban_20      12128.52           608.02                    766.81                    13779.29            138.52                     206.50                     194.00     53.83             54.64             7.19           0.11                  0.11                  7.93       0.02              0.02              nan            nan             0.352           5                0.240           6                nan            nan             38.000        3              48.000        3              217.900        2               649.600        2               
GalHII_M42-1_mendezdelgado_21a   9942.18            191.89                    210.78                    8423.54             49.18                      67.36                      5774.62    1232.50           1232.50           7.87           0.06                  0.06                  8.33       0.02              0.02              0.028          8               0.313           3                0.480           3                0.015          12              70.460        2              35.492        2              109.232        2               329.677        2               
extraHII_BCLMP290_Toribio_16     9363.58            421.92                    413.06                    8214.97             301.18                     299.90                     133.47     150.91            91.71             8.01           0.10                  0.08                  8.11       0.09              0.06              nan            nan             0.430           12               0.280           14               nan            nan             83.000        8              123.000       8              59.000         7               175.000        7               
GalHII_M16_garciarojas_06        8289.23            131.84                    161.62                    7612.92             135.46                     150.56                     1111.50    72.88             72.88             8.45           0.05                  0.04                  7.91       0.05              0.04              0.095          9               0.403           6                0.351           7                nan            nan             154.979       4              121.581       4              27.824         3               82.269         3               
GalHII_M42-1_mendezdelgado_21b   8528.06            92.89                     130.09                    8015.68             59.66                      61.51                      1207.26    185.91            185.91            8.13           0.04                  0.04                  7.96       0.01              0.02              0.057          5               0.346           3                0.321           3                nan            nan             83.367        2              66.291        2              38.342         2               114.491        2               
extraHII_IC2111_Gisela           9720.07            415.70                    411.98                    9151.82             133.65                     148.52                     261.18     130.04            108.25            8.06           0.12                  0.08                  8.18       0.04              0.04              0.024          26              0.419           7                0.333           8                nan            nan             127.300       6              148.000       6              105.200        4               314.300        4               
phoHH_HH202S_mesadelgado_09      9631.79            417.08                    379.34                    8702.37             228.83                     284.63                     17430.00   2360.00           2360.00           8.18           0.11                  0.08                  8.09       0.08              0.05              0.078          15              0.271           9                0.555           9                nan            nan             70.120        5              28.150        5              71.550         5               213.500        5               
GalHII_Sh2128_esteban_17         10431.14           215.02                    224.78                    9902.67             320.47                     201.30                     473.69     79.75             75.13             7.85           0.03                  0.04                  8.00       0.04              0.06              nan            nan             0.532           7                0.426           7                nan            nan             217.500       3              nan           nan            90.600         2               271.000        2               
GalHII_NGC3576_garciarojas_04    8689.34            226.71                    230.92                    8455.05             43.65                      45.78                      1633.27    566.25            566.25            8.07           0.06                  0.06                  8.36       0.01              0.01              0.025          11              0.359           5                0.396           5                0.015          11              78.353        4              54.282        4              121.335        1               353.023        1               
GalHII_M42_esteban_04            9942.18            243.28                    293.46                    8372.09             48.76                      42.94                      6446.35    986.16            986.16            7.79           0.06                  0.06                  8.41       0.01              0.01              0.021          15              0.370           3                0.569           2                0.047          12              57.118        4              27.430        4              127.128        1               379.392        1               
extraHII_NGC604_esteban_09       8730.91            254.05                    268.64                    8042.28             155.02                     173.29                     100.00     100.00            100.00            7.88           0.08                  0.05                  8.23       0.04              0.04              nan            nan             0.360           6                0.270           7                nan            nan             47.700        2              67.000        1              68.400         1               211.000        1               
extraHII_NGC6822_esteban_14      11211.27           1466.97                   1276.64                   11507.86            256.05                     211.84                     130.54     95.93             80.13             7.44           0.30                  0.18                  8.07       0.04              0.03              nan            nan             0.420           7                0.320           9                0.073          12              49.000        6              65.000        5              181.000        4               541.000        4               
extraHII_H37_esteban_20          11148.12           1628.56                   1264.86                   10975.60            168.10                     197.26                     100.00     100.00            100.00            7.74           0.30                  0.16                  7.99       0.03              0.02              nan            nan             0.380           18               0.257           30               nan            nan             91.000        3              136.300       3              126.400        2               376.500        2               
GalHII_Sh2212_esteban_17         8390.68            546.49                    685.42                    11264.12            734.36                     1044.18                    100.00     100.00            100.00            8.19           0.14                  0.14                  7.79       0.19              0.12              nan            nan             0.334           19               0.337           17               nan            nan             170.900       3              nan           nan            88.800         2               265.400        2               
extraHII_UV-1_lopezsanchez_07    10101.10           690.59                    888.12                    10849.49            164.46                     95.45                      229.19     83.21             76.60             7.80           0.28                  0.11                  8.09       0.03              0.03              nan            nan             0.362           12               0.271           14               nan            nan             80.300        4              102.200       4              160.900        3               460.000        3               
GalHII_M17_garciarojas_07        8813.11            210.53                    280.88                    7954.16             99.25                      118.33                     457.64     111.43            107.78            7.80           0.08                  0.04                  8.44       0.03              0.02              0.016          21              0.496           5                0.362           5                nan            nan             45.554        4              46.238        4              114.066        3               335.383        3               
GalHII_M8_garciarojas_07         8328.94            95.52                     113.28                    8042.28             83.77                      128.26                     1479.15    292.22            292.22            8.35           0.05                  0.04                  7.88       0.03              0.03              0.059          5               0.410           3                0.395           3                nan            nan             123.200       8              86.287        8              33.066         3               95.932         3               
extraHII_VS38_esteban_09         8036.58            430.68                    488.83                    8606.76             280.71                     295.19                     100.00     100.00            100.00            8.04           0.13                  0.11                  7.97       0.05              0.05              nan            nan             0.280           14               0.140           21               nan            nan             45.700        2              61.000        2              50.200         1               151.000        1               
extraHII_NGC5408_esteban_14      11522.38           819.77                    927.34                    15882.78            312.53                     386.34                     211.80     99.89             87.03             7.24           0.18                  0.10                  7.70       0.03              0.02              nan            nan             0.310           6                0.210           10               0.210          10              39.000        5              49.000        4              217.000        4               544.000        3               
GalHII_M42-4_mendezdelgado_21a   9864.72            226.32                    191.00                    8315.38             79.51                      60.07                      5493.67    1127.17           1127.17           7.82           0.06                  0.05                  8.37       0.02              0.02              0.030          8               0.319           3                0.491           3                0.026          8               60.613        2              31.120        2              112.156        2               338.431        2               
extraHII_VS24_esteban_09         8271.24            407.39                    377.37                    8071.99             369.27                     387.61                     174.28     35.62             35.13             8.14           0.11                  0.11                  8.05       0.11              0.07              nan            nan             0.350           11               0.270           15               nan            nan             65.000        2              78.000        1              48.100         1               145.000        1               
extraHII_H1013_esteban_09        7854.46            342.80                    284.31                    7343.99             527.06                     483.60                     100.00     100.00            100.00            8.19           0.11                  0.08                  8.08       0.16              0.11              nan            nan             0.390           13               0.250           16               nan            nan             57.000        4              78.000        4              33.000         3               97.000         3               
GalHII_M42-3_mendezdelgado_22b   9839.04            207.97                    184.49                    8394.89             57.89                      60.65                      5343.21    1182.72           1182.72           7.70           0.05                  0.06                  8.39       0.02              0.01              0.021          8               0.336           3                0.538           3                0.079          6               46.573        2              23.357        2              122.699        2               367.627        2               
GalHII_Sh2288_esteban_17         9379.87            252.78                    360.17                    9192.38             504.13                     437.35                     397.04     253.64            160.96            8.21           0.09                  0.06                  7.74       0.09              0.09              nan            nan             0.405           5                0.305           6                nan            nan             317.000       7              nan           nan            41.090         2               117.000        2               
GalHII_Sh2156_fernandezmartin_17 9212.46            423.51                    369.74                    9030.50             307.69                     286.61                     879.39     41.43             43.25             8.27           0.10                  0.09                  7.66       0.07              0.04              nan            nan             0.430           7                0.460           7                nan            nan             301.560       8              nan           nan            30.820         1               93.720         1               
extraHII_H219_esteban_20         10037.66           641.52                    460.12                    9645.78             472.23                     437.21                     100.00     100.00            100.00            8.05           0.11                  0.11                  7.91       0.07              0.06              nan            nan             0.558           17               0.460           22               nan            nan             113.700       3              173.100       3              63.600         2               190.800        2               
GalHII_M42_mesadelgado_09        9548.46            297.67                    293.74                    8101.31             188.66                     205.12                     2084.86    447.68            447.68            7.92           0.07                  0.07                  8.37       0.06              0.04              0.025          25              0.507           9                0.507           9                nan            nan             87.300        5              52.040        5              101.900        5               303.800        5               
extraHII_NGC2363_esteban_09      12905.97           1567.48                   1272.93                   16664.36            266.42                     469.04                     220.02     90.88             85.40             6.54           0.31                  0.16                  7.68       0.03              0.04              nan            nan             0.250           4                0.180           6                0.018          33              11.400        4              13.800        4              234.000        3               572.000        3               
extraHII_30Dor_peimbert_03       10345.39           247.06                    306.02                    9875.78             74.02                      73.47                      396.00     23.88             23.10             7.62           0.06                  0.05                  8.27       0.01              0.01              0.016          50              0.449           4                0.332           4                0.034          15              59.740        1              63.730        1              169.900        1               508.900        1               
GalHII_M42-2_mendezdelgado_21b   8474.95            127.99                    173.59                    8121.08             63.45                      65.79                      1374.13    213.19            213.19            8.16           0.04                  0.05                  8.04       0.02              0.01              0.042          8               0.340           5                0.336           5                nan            nan             87.331        2              63.120        2              47.531         2               142.804        2               
GalHII_Sh2298_esteban_17         11562.50           561.81                    467.53                    11725.01            150.16                     175.88                     100.00     100.00            100.00            8.16           0.07                  0.08                  8.10       0.03              0.02              nan            nan             0.920           21               0.800           27               nan            nan             298.300       3              417.000       3              199.500        2               598.000        2               
extraHII_NGC4861_esteban_09      11997.50           1644.06                   2196.50                   12859.18            182.22                     319.50                     100.00     100.00            100.00            7.18           0.51                  0.19                  7.99       0.03              0.03              nan            nan             0.450           9                0.310           13               nan            nan             37.000        3              49.000        4              208.000        3               607.000        3               
phoHH_HH529II_mendezdelgado_21a  10300.53           399.79                    481.31                    8253.63             54.22                      59.97                      11880.00   1860.00           1860.00           7.33           0.10                  0.08                  8.55       0.01              0.02              0.005          30              0.330           5                0.542           4                0.036          11              16.825        2              7.476         2              167.020        2               493.230        2               
GalHII_M42-2_mendezdelgado_21a   9873.30            173.09                    175.67                    8410.12             48.10                      58.79                      5838.83    1005.41           1005.41           7.83           0.06                  0.04                  8.35       0.01              0.01              0.027          7               0.338           3                0.507           3                0.018          7               61.812        2              31.439        2              114.995        2               343.880        2               
extraHII_N81_Gisela              11806.17           289.73                    258.73                    12812.65            209.57                     208.26                     396.78     117.58            110.43            7.31           0.05                  0.03                  7.90       0.02              0.02              nan            nan             0.368           2                0.281           2                0.049          6               50.000        5              54.600        5              165.100        2               497.600        1               
GalHII_Sh283_esteban_17          11749.88           673.58                    519.69                    10352.36            434.26                     376.73                     272.31     90.47             71.49             7.20           0.12                  0.10                  8.25       0.07              0.06              nan            nan             0.610           7                0.420           7                nan            nan             76.100        7              nan           nan            189.000        2               565.000        2               
extraHII_HII-2_lopezsanchez_07   10554.23           465.41                    580.53                    11938.13            223.88                     220.08                     402.33     102.65            101.93            7.62           0.13                  0.07                  8.06       0.03              0.03              nan            nan             0.375           15               0.289           17               0.109          39              65.300        4              71.900        4              204.000        3               579.000        3               
GalHII_M42-P1                    9488.56            278.08                    242.86                    8340.36             66.45                      85.80                      4117.41    1319.49           1319.49           7.84           0.08                  0.08                  8.38       0.02              0.02              0.015          34              0.349           7                0.508           5                0.018          28              59.668        3              30.912        3              118.591        2               354.601        2               
extraHII_NGC5455_esteban_20      10125.27           235.05                    163.57                    9565.77             111.48                     107.51                     197.11     53.55             52.77             7.74           0.04                  0.04                  8.19       0.02              0.02              nan            nan             0.532           4                0.353           4                nan            nan             70.700        3              85.900        3              126.200        2               374.000        2               
extraHII_VS44_esteban_09         8814.83            288.49                    280.53                    8191.95             205.59                     148.03                     100.00     100.00            100.00            7.94           0.07                  0.07                  8.16       0.04              0.05              nan            nan             0.350           9                0.260           8                nan            nan             58.000        2              75.000        1              64.400         1               193.000        1               
extraHII_HII-1_lopezsanchez_07   10625.55           510.19                    448.44                    11916.51            172.97                     176.88                     393.29     101.13            92.31             7.59           0.13                  0.08                  8.08       0.02              0.03              nan            nan             0.320           14               0.251           16               0.141          18              62.900        3              71.900        4              206.200        3               597.000        3               
